85
178
7
43
103
200
157
172
102
180
141
117
97
100
143
37
59
124
137
195
40
126
70
62
3
23
30
189
152
36
24
175
187
196
34
131
55
41
125
170
174
91
87
108
13
153
190
167
151
148
77
162
127
166
67
54
82
107
113
81
155
74
145
16
161
111
73
144
193
48
32
39
116
44
133
120
66
6
198
72
110
186
35
1
149
146
58
112
86
104
0
17
68
158
22
114
5
33
95
182
128
26
18
15
129
80
45
109
53
27
98
4
122
10
191
83
184
47
138
63
61
179
11
20
181
147
115
106
92
60
119
25
135
183
90
101
42
94
84
139
46
165
75
142
93
123
57
168
105
2
#!/bin/sh
i=0
sum=0

for x in "$@"
  echo $x
  let sum=$(($sum + ${x}))
  let i=$(($i+1))
done
expr $sum / $i
echo There were $i parameters passed.

